b1lo_sos =

   1.00000   2.00001   1.00001   1.00000  -1.97978   0.98017
   1.00000   0.99999  -0.00000   1.00000  -0.98017   0.00000

g1lo =  0.00000098434
============================================================
b1hi_sos =

   1.00000  -2.00001   1.00001   1.00000  -1.97978   0.98017
   1.00000  -0.99999   0.00000   1.00000  -0.98017   0.00000

g1hi =  0.98017
============================================================
b2lo_sos =

   1.00000   2.00001   1.00001   1.00000  -1.88165   0.89364
   1.00000   0.99999  -0.00000   1.00000  -0.89332   0.00000

g2lo =  0.00015984
============================================================
b2hi_sos =

   1.00000  -2.00001   1.00001   1.00000  -1.88165   0.89364
   1.00000  -0.99999   0.00000   1.00000  -0.89332   0.00000

g2hi =  0.89348
============================================================
b3lo_sos =

   1.00000   2.00001   1.00001   1.00000  -1.23349   0.53945
   1.00000   0.99999  -0.00000   1.00000  -0.50131   0.00000

g3lo =  0.019072
============================================================
b3hi_sos =

   1.00000  -2.00001   1.00001   1.00000  -1.23349   0.53945
   1.00000  -0.99999   0.00000   1.00000  -0.50131   0.00000

g3hi =  0.52038