b1lo_sos =

   0.00000   0.00000   0.00000   1.00000  -1.97978   0.98017
   1.00000   0.99999  -0.00000   1.00000  -0.98017   0.00000

b1hi_sos =

   0.98017  -1.96035   0.98018   1.00000  -1.97978   0.98017
   1.00000  -0.99999   0.00000   1.00000  -0.98017   0.00000

b2lo_sos =

   0.00016   0.00032   0.00016   1.00000  -1.88165   0.89364
   1.00000   0.99999  -0.00000   1.00000  -0.89332   0.00000

b2hi_sos =

   0.89348  -1.78697   0.89349   1.00000  -1.88165   0.89364
   1.00000  -0.99999   0.00000   1.00000  -0.89332   0.00000

b3lo_sos =

   0.01907   0.03815   0.01907   1.00000  -1.23349   0.53945
   1.00000   0.99999  -0.00000   1.00000  -0.50131   0.00000

b3hi_sos =

   0.52038  -1.04077   0.52039   1.00000  -1.23349   0.53945
   1.00000  -0.99999   0.00000   1.00000  -0.50131   0.00000